427
311
272
556
893
265
202
1103
2216
423
428
300
209
961
438
184
320
702
827
80
1939
741
742
725
435
1650
675
732
1424
395
336
376
753
375
1575
533
685
1935
283
575
893
307
285
486
1144
259
613
439
1799
1406
607
495
491
173
521
396
294
293
1237
651
779
440
204
499
758
341
707
581
782
751
723
849
526
310
859
654
200
343
660
957
444
697
227
223
752
292
345
895
582
1018
796
500
548
1050
419
1326
1363
497
910
939
616
667
735
1179
1254
252
504
1669
114
1434
923
647
939
805
535
1776
626
725
1748
354
1254
643
1889
1234
713
1866
1115
77
602
936
1411
634
308
537
857
398
552
1029
283
400
638
600
1085
664
477
508
883
550
1250
312
847
490
502
121
1694
153
308
639
1378
1321
632
715
1062
856
642
1397
1054
388
981
249
1164
487
604
425
841
858
1733
542
590
984
712
488
903
1768
726
1361
514
736
1346
436
958
1153
141
820
807
575
521
715
1650
1540
1690
357
338
680
679
1027
535
1579
829
642
999
834
658
706
284
347
279
418
294
308
350
187
1425
411
621
707
1158
733
1243
499
838
538
1852
4422
647
644
2326
1056
988
2
1126
279
1165
580
1092
754
365
866
183
1063
552
337
731
800
351
728
614
1352
318
753
1107
1083
1177
1108
1392
942
634
489
1250
903
1075
1358
2022
923
649
122
1092
553
909
533
247
473
1200
777
1255
645
689
505
810
490
2234
1186
604
634
1045
1389
1308
847
870
669
844
641
830
659
447
1433
469
908
434
347
805
1138
590
613
1344
2
311
245
885
627
772
2
962
664
785
282
69
314
1619
248
828
502
1024
499
794
560
338
737
1044
1051
332
1352
643
1115
2
860
481
442
1086
534
497
1611
533
361
168
764
687
1493
363
381
705
593
1157
823
1448
896
775
698
680
148
527
603
268
463
540
573
362
2035
175
565
556
229
819
439
759
1166
1216
329
3298
604
766
1427
640
649
220
129
441
751
818
1701
1056
650
404
343
1608
931
260
1252
1228
1356
1910
896
670
323
945
686
821
2240
837
389
878
976
689
1009
973
525
1304
374
388
1212
457
671
655
2230
317
955
282
632
798
835
416
699
446
963
915
262
1150
438
477
840
288
1483
224
815
936
794
1393
422
655
387
748
249
903
792
1342
1605
1234
354
303
698
423
578
1775
354
1118
969
369
479
339
1223
215
517
571
150
855
1331
1540
1083
1531
1379
6269
733
544
362
851
945
1016
187
184
604
995
964
943
372
233
303
332
331
584
1304
531
840
740
456
476
656
285
659
705
1123
1230
911
802
688
1034
446
522
1531
328
462
1289
421
1419
612
242
1102
3345
853
639
625
1232
1205
281
806
178
370
588
398
2071
341
2008
1296
2
457
365
444
33
974
644
726
400
842
988
679
1186
866
879
838
1052
785
714
2229
824
636
191
1375
166
1191
701
222
141
1611
511
1478
349
786
757
995
280
407
405
963
113
361
1501
385
271
583
584
773
985
219
80
196
686
1077
280
626
312
416
316
1175
1760
584
1361
143
960
1297
151
1808
1789
3287
1071
277
1123
1068
769
729
212
1048
1390
1467
589
575
1732
839
147
547
407
1103
145
262
653
1009
1287
523
448
630
692
1335
672
1344
488
697
1100
1299
1728
477
1082
739
928
444
454
1082
630
994
745
1012
517
192
857
986
913
700
201
405
518
838
1302
1093
710
946
1009
1790
962
467
463
598
779
460
304
700
689
1048
984
718
968
1078
512
802
628
671
1044
731
2274
767
605
2399
699
1380
1822
568
606
592
95
1428
798
914
985
1242
670
1040
702
648
565
536
2020
1353
873
575
798
723
706
859
545
970
1277
976
1153
782
867
1460
1157
934
930
728
1067
791
945
1068
816
505
1051
1439
757
1003
573
890
743
839
455
266
920
1108
667
1193
154
640
857
922
3489
970
549
697
691
585
205
766
1049
1145
917
1397
609
1555
646
1902
635
471
1132
944
2700
757
628
524
468
713
291
381
2698
477
358
524
1239
616
1811
830
818
760
562
1027
602
690
1072
461
709
756
642
938
426
597
385
1574
756
271
387
609
759
2407
893
568
474
1182
617
450
1212
2209
558
459
1547
485
534
2027
1362
1139
737
3175
960
861
573
485
1278
2264
422
887
1456
944
984
480
435
534
559
1159
782
1316
947
286
1171
2556
547
1081
1130
628
573
944
972
654
828
585
572
741
648
2073
1257
621
1543
1146
817
2412
1264
1164
703
1052
1306
1241
1184
701
990
1638
870
572
769
1073
974
1142
511
788
570
652
626
457
644
1003
528
409
739
777
688
821
631
1397
458
645
556
853
1222
1009
630
363
1281
680
673
790
658
488
689
382
393
497
790
1229
732
519
496
1685
1042
1155
819
629
372
1023
506
995
927
1384
527
379
451
708
2516
564
552
2172
1924
505
739
1313
620
832
1023
639
780
851
1001
669
653
783
858
544
679
493
605
816
663
838
662
1984
1012
697
471
437
882
321
1248
862
589
1016
1177
1675
611
694
1128
705
405
1519
1002
1235
968
744
2453
1016
1612
584
1756
1184
931
2418
1272
2856
412
513
2527
1202
1564
485
858
556
533
472
1707
474
267
1222
2360
944
1427
1214
1291
1105
561
635
757
690
2528
1041
586
2384
2324
1331
1315
1011
842
1186
411
1004
893
1942
695
853
1253
898
2465
1077
1112
2277
1035
3050
880
1012
541
960
605
699
98
985
899
823
1350
744
1072
715
587
570
845
142
645
668
530
127
866
1303
420
900
911
1192
105
992
51
636
551
722
577
1062
1388
859
680
480
1164
1924
710
1195
429
297
876
608
2074
601
882
826
530
1387
1084
1129
727
1451
932
674
1025
1473
1404
441
522
565
1376
627
674
514
1224
670
761
862
739
692
678
878
1168
759
1370
970
882
944
876
523
701
318
412
752
1083
539
641
941
517
442
1018
1232
1205
534
1343
198
1292
768
706
553
691
706
832
1278
1682
488
457
971
709
1390
1011
1187
417
785
579
901
618
832
571
504
781
971
780
506
1115
1163
402
933
634
1623
747
509
1447
511
1068
388
540
726
1942
537
585
788
1009
1108
1127
138
500
1299
286
859
708
2301
56
1075
849
810
715
1210
249
830
1030
2041
924
847
734
818
301
599
770
984
620
85
937
315
750
641
413
952
636
768
775
1977
882
1260
1154
532
644
634
412
566
842
482
322
912
514
653
337
900
733
1355
595
812
838
588
494
727
1012
383
1122
528
521
770
747
842
539
682
556
671
576
1193
638
586
1127
430
444
672
639
607
737
606
643
657
670
1617
1105
592
1091
645
1756
626
577
1232
582
1035
955
1471
1525
1166
303
599
745
747
608
728
483
739
1526
558
129
982
495
479
739
848
1324
1015
763
563
589
1359
601
702
534
2429
846
868
759
975
1002
374
556
577
339
505
1228
537
743
201
360
576
574
716
972
933
466
1410
606
538
835
807
578
1123
648
599
963
795
334
1846
661
1054
845
173
1173
799
755
803
760
832
851
1362
1501
593
1051
748
386
543
1010
1187
704
608
999
421
830
736
794
465
588
849
1132
550
364
1297
1150
952
485
1175
1238
362
590
532
742
775
564
1165
617
950
498
661
1031
1156
275
675
883
749
882
978
1308
624
2425
719
627
1337
501
853
956
2739
1648
914
798
2037
1111
1042
1985
962
999
326
454
602
890
1568
1017
699
898
684
990
610
493
2597
677
824
761
902
1118
1401
1419
1066
674
613
528
521
1548
893
1343
719
776
964
906
1880
1028
780
1437
1026
893
829
1240
772
681
1114
827
1085
688
398
928
661
998
1872
1363
695
1201
567
1101
156
688
773
701
784
405
863
710
1012
667
1169
928
544
226
700
989
892
569
724
778
748
440
1720
649
662
567
455
684
691
862
643
687
670
490
829
1049
1215
673
674
795
966
1734
585
922
1088
666
1325
856
802
552
1005
905
1442
1386
295
676
662
753
1136
1086
1425
1035
852
1044
894
1006
587
659
670
752
1200
944
360
464
859
1478
635
1107
570
719
1330
1872
1513
598
632
724
581
1211
402
1217
967
706
527
1265
580
581
658
1458
1261
859
667
763
259
996
915
1168
1321
460
955
1082
707
1269
512
1656
720
592
1024
977
578
668
1320
873
338
396
576
748
635
1098
1221
764
854
623
787
888
854
395
313
661
579
1609
657
617
1199
780
695
207
590
944
1356
393
1132
844
699
725
222
1251
820
1138
422
664
1004
969
1141
1472
857
666
743
611
1084
999
952
496
965
724
877
1156
437
483
263
882
517
1028
1130
825
150
385
468
320
415
865
1323
884
635
647
725
514
591
221
931
635
810
781
1194
715
747
439
710
512
786
1066
376
861
853
1074
943
840
1152
616
150
916
762
1115
540
877
672
517
744
636
881
1106
218
1017
443
686
864
1013
550
1010
921
268
832
918
904
588
390
493
1216
593
917
724
363
579
1430
1380
745
1163
634
586
1496
426
776
904
1114
548
459
622
471
242
834
1619
821
866
1749
488
944
156
830
798
367
833
458
367
466
545
603
542
936
631
1401
1134
1098
751
725
600
571
719
499
545
524
1076
1083
1195
545
857
1548
725
641
1232
990
1048
532
415
899
1834
448
1368
972
787
726
878
711
490
3237
819
333
718
452
1326
723
637
1055
379
944
667
971
967
833
1204
409
512
541
754
1044
1024
1156
1088
471
18
463
398
161
1116
1107
562
507
760
522
345
655
508
1113
862
885
615
523
953
1022
791
604
917
889
888
583
1467
233
627
1288
1251
1218
957
389
709
1330
697
441
906
1428
805
572
771
686
710
654
1095
783
1104
628
785
674
612
1069
727
885
296
570
1091
411
560
1043
873
1229
423
864
302
731
667
948
616
668
603
603
637
119
713
378
748
834
593
753
688
917
300
853
1218
1065
845
1254
842
374
1337
1152
814
790
777
533
479
749
207
417
452
702
249
514
594
796
502
501
980
894
587
707
668
891
274
847
490
843
837
594
720
790
575
641
488
503
630
1164
777
900
921
582
673
507
394
690
650
511
398
376
345
816
721
580
351
328
603
619
844
779
665
944
1099
574
536
1208
892
538
929
451
732
685
854
987
639
1661
402
1008
1078
369
987
760
517
651
448
422
958
336
697
621
440
668
294
490
547
480
1196
536
1382
618
706
469
742
420
656
504
800
569
390
462
540
707
598
471
582
424
1030
1027
593
551
552
683
589
743
615
924
1877
417
674
1071
514
769
506
178
513
994
900
574
750
786
744
852
963
349
483
1059
741
892
405
1215
640
508
872
497
1134
565
782
871
1159
1789
1698
487
1026
484
843
1063
1067
719
495
831
894
570
967
519
708
1078
1013
445
1313
622
666
337
834
457
1115
554
476
635
405
450
660
763
838
872
818
1201
750
322
290
192
665
475
726
1138
1160
314
607
768
682
1217
431
718
878
656
640
188
1057
780
549
226
335
561
438
731
285
231
419
487
1561
1226
691
721
1334
1460
1076
600
775
395
658
1474
497
607
692
987
612
694
323
1005
851
472
472
1024
609
508
861
1257
450
256
612
704
854
803
1070
535
677
585
593
388
601
975
1760
573
623
652
933
571
343
1150
466
1082
1282
763
776
1211
447
490
848
1183
671
616
1366
587
704
557
878
549
1070
647
444
605
886
762
411
704
976
471
615
623
1385
521
605
573
739
1359
842
768
461
564
596
370
604
642
890
1165
620
723
458
339
794
741
707
467
694
979
1025
574
536
578
807
491
671
1231
667
679
709
582
592
820
424
897
571
304
776
644
1421
483
1128
604
220
1116
458
898
1023
1677
484
374
804
245
824
448
536
746
416
1116
966
786
493
842
757
846
1147
301
642
885
589
1043
944
569
395
475
462
1261
717
881
917
183
388
686
704
279
800
1114
440
835
456
581
726
381
845
474
982
516
573
750
585
992
355
761
666
113
939
612
644
1114
722
587
709
983
928
839
628
1143
1149
615
457
622
351
557
898
397
1059
1143
414
1560
976
327
669
765
527
408
683
1617
663
717
468
821
825
443
822
447
529
298
581
764
788
501
1330
1470
927
1105
1010
542
1086
1254
1292
712
688
945
654
571
248
661
1575
939
804
149
732
864
850
646
480
737
529
817
763
487
1561
1458
1105
505
805
533
604
576
570
1026
935
558
408
545
560
433
498
594
581
831
518
546
438
749
635
657
661
1277
416
483
1056
730
702
699
80
470
636
770
845
795
745
529
696
266
570
438
243
388
619
639
389
698
1015
644
854
215
600
530
1071
442
2226
593
471
469
1067
445
1646
1422
836
898
1133
21
546
1134
1631
436
972
994
1065
760
507
805
1248
1399
410
1042
573
237
110
792
725
917
542
1301
984
619
1322
1411
1044
857
885
682
698
999
266
658
1520
771
462
890
1323
709
371
539
612
1113
719
1401
809
572
805
695
389
1033
1958
380
904
605
781
720
568
895
750
583
774
967
1174
1171
1475
332
588
875
838
460
341
1138
595
1428
988
944
1791
764
887
894
766
728
559
1001
514
663
707
1684
1190
641
1356
1070
862
980
645
616
974
856
651
531
646
1185
1340
687
1400
596
999
948
1237
531
1068
757
1218
784
571
1248
618
797
572
547
572
336
1168
1275
433
529
704
1119
577
703
846
2143
512
934
1184
337
858
565
494
921
544
720
766
697
872
511
846
398
681
638
1092
2296
1446
440
1193
926
626
517
629
485
586
958
657
788
632
576
374
354
760
1060
392
888
332
970
392
434
1247
668
461
507
1119
640
1014
1005
620
788
471
910
639
354
583
739
488
222
507
440
378
937
620
596
400
949
630
434
645
808
494
817
376
386
578
438
911
1244
421
815
432
1276
701
696
518
494
928
571
890
810
803
790
731
598
550
699
1113
1009
1055
842
677
1212
548
874
749
831
840
829
1147
599
472
369
711
466
827
522
1016
479
683
445
1616
441
669
904
792
351
474
800
669
1070
420
744
445
466
579
889
916
773
791
784
831
540
880
478
545
530
530
1497
412
455
510
328
334
563
1085
438
478
537
364
429
1230
860
1101
1365
538
509
994
334
927
590
767
688
847
688
525
1150
508
629
484
1127
740
619
1176
994
662
433
372
1400
964
472
778
636
381
706
677
709
415
728
1106
490
403
708
649
1182
361
643
1168
847
1610
917
818
687
1411
1536
596
1199
673
1204
842
901
610
1583
916
391
1221
482
173
383
774
486
897
1823
825
942
825
688
798
856
896
641
1172
696
579
618
762
1118
1240
870
951
607
472
594
457
1240
533
493
559
953
753
366
491
1266
716
984
737
510
565
1069
617
520
761
1073
482
427
317
586
1235
563
783
607
801
991
1085
1471
761
796
622
428
758
910
602
474
756
568
433
592
303
202
517
313
1600
480
452
464
461
1137
703
706
354
1450
355
731
662
781
612
851
373
451
1072
533
684
546
1117
1102
510
192
1132
399
571
660
1235
420
596
386
733
470
1292
1543
557
365
1105
1005
1282
585
1239
768
1753
652
775
2050
564
303
290
583
355
576
553
450
435
444
1345
504
908
470
409
1059
628
886
393
568
1008
729
643
1387
403
1662
1053
710
461
2039
466
465
228
1177
831
856
659
517
378
757
793
700
1699
850
530
865
1196
120
1072
464
897
818
440
226
663
711
653
832
414
826
261
959
1064
749
1042
852
1225
506
533
950
464
1068
438
774
406
605
1182
1069
1200
998
617
857
530
543
1192
947
892
806
424
1019
910
1284
567
925
507
541
669
644
1030
431
332
549
366
1008
921
455
591
692
662
759
765
1195
474
662
870
861
775
682
1257
803
983
466
306
407
1684
500
800
1311
483
912
1054
1080
784
687
689
489
1456
505
389
1608
593
497
777
702
908
587
790
486
889
550
539
727
1183
1082
1482
583
520
805
402
1313
856
596
743
758
1265
982
493
668
1012
634
830
162
446
738
349
855
215
483
847
839
616
651
738
1350
913
712
1590
537
661
630
147
1205
948
769
1025
1146
980
475
483
492
692
312
506
578
834
570
910
659
663
700
1005
871
1826
457
692
1160
698
855
622
1201
626
1084
1224
1052
1141
747
849
671
1398
683
661
1223
463
624
506
853
907
1169
813
838
2045
708
870
659
924
248
540
465
1413
582
1023
1457
561
856
966
819
623
785
588
1644
433
507
1085
648
1031
289
688
1025
560
1068
1044
649
1244
1062
480
683
546
474
506
406
931
745
883
969
1009
730
682
1015
481
1340
967
638
875
287
509
1162
481
628
803
725
246
1153
477
723
537
972
821
1595
1814
1338
868
2321
1024
512
669
639
593
524
489
546
924
717
972
1213
1037
655
445
1172
852
1060
789
528
860
551
674
771
732
873
451
498
577
627
792
512
605
940
657
1228
619
568
628
936
535
455
1083
700
478
696
995
714
744
720
694
1010
530
555
578
760
878
1136
907
792
626
448
361
931
558
452
628
665
2145
660
1320
780
666
624
793
1176
521
574
1055
765
705
1016
755
608
983
487
867
557
567
586
524
435
564
866
832
1527
572
632
375
527
934
1878
601
698
498
656
1851
410
1116
849
1748
902
1393
462
552
628
460
560
1053
457
555
741
355
871
1079
1303
443
939
434
365
574
890
1105
555
790
632
771
704
448
929
719
794
401
1588
559
680
427
563
1328
514
438
982
440
669
727
889
530
850
1564
853
789
989
815
879
717
650
775
1113
550
472
422
908
1331
384
708
772
420
730
706
728
494
1005
555
552
964
727
1079
643
319
1090
822
554
1647
1349
616
694
1765
496
519
1197
1404
741
740
605
940
645
763
438
790
405
228
1138
544
638
969
940
684
959
757
1324
672
1605
647
630
399
844
1205
1060
635
569
422
600
553
435
270
613
143
254
199
1246
1343
250
700
1040
1287
499
892
674
755
656
953
406
541
564
276
793
1154
305
532
479
674
624
315
703
966
776
891
1038
792
669
1133
1453
1044
378
1054
656
1289
532
618
2035
795
995
493
635
892
557
872
418
283
601
677
550
613
623
799
503
488
1066
612
357
879
976
656
931
737
309
670
1122
672
1352
744
1078
957
449
313
565
757
879
634
384
730
761
585
672
976
548
575
503
358
390
587
552
1329
645
1546
794
267
1221
573
621
1021
512
1445
601
1140
289
613
902
878
815
690
723
820
614
1194
655
429
1464
963
755
911
841
709
500
505
821
881
719
433
640
963
504
1289
807
1257
644
600
521
517
643
519
1183
997
1133
1091
910
1321
393
1257
1275
1055
707
550
694
1155
740
722
965
486
274
1837
416
702
986
722
947
766
903
1029
532
749
1102
1197
930
173
637
427
638
758
910
527
494
762
1181
424
965
945
103
509
575
696
458
764
645
564
420
1204
629
876
704
717
748
700
342
298
415
889
794
1614
711
655
374
1093
941
683
1021
1406
435
504
524
1056
629
260
521
523
795
505
418
390
606
1508
429
1030
690
736
216
471
1184
399
790
877
1317
1071
585
803
452
767
387
671
746
1304
613
1288
627
1051
456
1961
700
784
647
559
762
408
659
460
881
757
793
534
529
377
216
783
852
351
638
493
480
575
935
294
492
891
757
582
752
681
681
413
980
556
1001
561
884
588
905
1010
533
440
378
684
942
540
812
341
525
383
439
658
1166
871
910
496
666
704
750
767
472
582
719
521
928
763
1001
491
538
975
1590
2401
497
667
331
691
343
1055
1796
670
506
1065
595
694
834
1307
484
1096
415
1472
499
527
430
339
532
555
428
469
673
496
774
1069
466
493
544
416
288
592
648
390
906
602
636
653
523
260
761
755
800
471
612
612
293
864
352
86
627
884
506
805
393
504
582
1122
656
715
754
677
383
715
734
766
583
379
642
1159
612
408
610
944
1020
432
395
1072
777
1027
340
498
607
1550
538
620
461
774
1140
818
1078
608
592
2101
421
651
575
514
1160
665
633
1357
644
414
1401
367
1107
1011
383
373
1942
532
664
988
408
930
722
1347
605
680
578
476
1181
539
1431
573
633
855
363
1096
479
434
569
425
617
310
1439
616
355
724
338
1271
1464
390
339
1317
441
523
1082
623
1196
1530
740
722
1460
521
836
1088
508
1215
851
1321
1609
1359
443
716
1158
1307
1502
1121
437
863
387
1131
156
590
637
1162
1095
688
492
492
1238
776
786
1258
1346
741
1016
283
547
955
987
554
960
976
886
413
873
743
1451
1852
1493
828
2097
697
1012
1297
1032
1095
1167
860
386
615
480
386
512
801
1586
796
1268
1147
1772
1611
1577
862
1112
427
1093
1979
586
638
1125
1396
1720
1864
1554
1298
1368
567
824
460
854
462
802
609
711
465
820
1036
895
1937
943
1190
528
1025
538
1219
757
595
423
1028
471
660
508
918
1457
948
616
403
880
662
927
1044
1174
1107
492
501
735
898
602
487
749
564
443
734
1142
580
435
937
614
897
497
932
255
738
903
647
566
555
738
585
1559
990
832
950
387
625
332
634
413
627
874
1057
1074
778
1221
579
601
838
809
1296
618
711
847
509
1088
359
598
517
1011
1075
488
739
701
415
1663
802
354
518
1777
598
431
608
730
1309
924
639
601
718
277
772
703
395
349
474
1080
898
311
829
638
1126
1946
885
2676
476
609
624
798
631
573
1086
619
1984
370
673
1119
424
580
1074
413
722
614
547
553
467
575
696
752
577
600
1137
414
413
667
869
661
829
1334
631
964
492
631
735
683
777
597
1254
718
740
704
762
527
494
923
702
625
776
418
358
1065
634
1862
1592
587
988
515
873
1440
747
474
583
530
732
378
518
807
353
624
709
487
653
468
643
480
274
304
929
2196
453
418
751
1127
1029
134
795
686
1279
401
669
666
344
304
521
863
920
497
1409
1880
670
792
444
291
745
707
626
1820
577
457
602
360
1427
348
1409
1224
460
629
1007
1195
556
628
681
1450
434
751
757
532
495
615
556
949
732
1238
538
1135
978
626
490
298
563
499
888
1259
765
1271
459
1603
636
480
1324
464
983
691
883
861
485
491
728
642
1118
460
644
1110
969
766
322
651
1016
1163
522
911
641
736
666
472
551
1641
408
966
1596
2574
551
435
377
809
1297
554
738
1527
1529
259
1055
649
1695
537
974
485
783
1134
858
439
505
835
529
486
1098
481
879
1375
1109
801
1386
495
1113
580
1127
476
738
668
1490
1733
240
607
587
927
304
1196
587
411
505
757
425
441
687
416
721
351
658
697
681
854
1405
352
205
583
1281
1477
690
975
869
1093
874
652
561
669
1101
692
425
733
786
1312
1018
896
2548
805
352
552
448
555
654
775
291
525
1038
557
1804
522
707
670
565
708
638
1050
591
573
953
859
677
619
673
828
919
267
815
495
1591
1169
912
1521
687
561
753
441
1058
808
687
2069
548
473
487
758
1541
748
859
899
693
739
398
813
380
698
624
607
486
403
586
403
331
429
624
425
473
820
329
663
986
641
992
759
531
430
502
1322
605
373
1020
1785
961
687
2000
1245
652
540
356
931
1229
549
426
452
867
745
359
656
427
423
586
365
318
567
670
594
419
922
691
1091
455
298
882
278
1178
857
825
1218
561
567
815
393
532
998
373
697
959
687
1657
615
519
686
574
300
977
727
881
671
1111
222
548
1033
493
658
673
395
567
346
545
1022
534
673
492
612
794
566
1484
1728
1298
624
3840
528
713
1240
414
945
644
416
633
442
666
1040
1218
859
905
740
793
502
1160
1027
669
390
558
595
1969
1122
487
709
664
687
1005
636
438
625
1031
594
683
686
498
571
1393
665
846
667
1014
929
567
384
809
383
1292
832
805
650
802
757
1303
566
1208
534
453
533
601
725
774
1291
559
301
715
761
651
699
888
686
662
458
491
768
335
980
404
857
571
1010
741
913
434
794
889
621
966
540
827
763
908
608
1146
620
1096
410
237
834
1258
1061
410
502
333
393
964
392
837
378
103
447
387
579
519
1162
614
626
549
508
1268
458
1607
333
822
486
606
406
479
570
446
910
691
591
601
1459
980
853
767
856
550
962
654
544
401
372
866
917
610
218
749
1833
366
483
633
310
576
626
420
600
669
620
942
1145
232
1418
784
1457
400
2058
673
452
771
1699
569
611
551
1890
418
488
664
658
518
837
1001
1313
586
382
1771
650
437
727
1989
628
453
497
334
312
520
625
1055
789
953
429
514
372
782
962
396
546
1456
846
446
486
879
471
408
767
291
574
425
448
517
751
907
523
546
713
420
1219
576
622
651
636
754
391
786
312
696
907
714
507
2047
597
508
388
1496
496
1227
687
775
456
789
613
689
568
576
1175
672
615
479
575
1187
504
389
1240
575
499
485
768
592
340
804
1067
913
1103
1084
509
926
720
630
998
404
475
492
347
549
784
981
520
1656
619
461
409
771
471
399
427
4028
998
507
289
519
827
724
469
375
1157
630
526
590
531
553
627
682
570
571
547
366
630
568
491
330
863
524
356
816
750
422
721
626
396
515
526
801
447
424
527
589
553
759
410
631
235
594
676
863
615
579
397
666
727
569
615
422
773
531
449
942
434
585
806
552
476
1467
511
328
420
713
400
635
1163
602
587
617
373
394
648
734
924
403
514
709
769
892
343
673
882
1041
455
566
659
1209
483
578
1041
417
427
1439
616
467
763
415
848
670
504
813
688
764
327
809
254
1477
1821
1157
818
665
719
675
385
600
442
330
497
1384
439
713
1338
450
347
609
540
770
832
630
393
1411
393
1579
1027
1294
583
812
542
752
555
805
431
556
800
1279
1130
724
983
1053
780
2138
850
747
417
2274
542
1069
491
910
691
415
336
407
843
902
475
886
1156
1068
1443
1330
597
310
246
731
1231
548
599
439
751
1399
1070
1066
758
388
611
1832
1544
1145
1174
485
500
505
405
1162
452
419
509
630
789
734
216
508
565
842
445
530
478
711
340
456
624
423
670
644
497
393
322
197
383
283
370
890
540
431
572
476
548
398
1711
366
485
411
525
323
511
348
446
747
598
305
906
2474
866
594
1091
370
1287
849
677
730
994
801
1313
1385
466
1685
587
346
1213
672
453
175
495
1257
575
1050
1075
662
1179
1435
864
730
520
599
2340
647
893
815
882
618
895
2327
669
804
535
500
657
487
469
671
668
638
868
907
708
708
545
907
733
579
862
949
602
1093
462
651
737
1516
1341
1194
2419
1004
516
400
688
596
1612
314
758
538
1113
669
653
285
742
753
471
605
601
901
1455
439
448
605
346
578
1467
935
1037
642
781
874
953
1184
472
1053
565
1935
1891
709
589
353
712
596
1077
500
508
1033
541
786
1029
347
118
296
611
240
453
420
525
326
390
527
861
786
633
540
322
768
1847
2159
754
377
597
1131
595
1045
472
505
316
444
638
392
507
2174
846
537
233
233
587
547
356
253
423
369
247
315
912
181
1106
414
490
430
341
545
296
1033
565
391
111
321
663
515
153
1593
638
267
299
722
387
453
1175
642
327
727
2165
323
396
830
421
396
1039
461
807
622
903
855
957
687
396
1387
455
566
537
325
399
353
775
856
363
853
298
752
705
421
450
318
661
957
1422
1018
498
1874
433
448
780
539
1008
525
836
138
654
355
689
784
771
420
537
1092
420
947
565
1089
799
924
905
473
447
1809
653
1103
1516
622
660
737
513
852
935
1080
1796
422
765
925
528
694
500
702
1775
415
299
693
307
2151
909
530
621
316
494
690
1686
596
882
441
514
694
1122
413
376
293
195
651
408
694
733
463
983
609
1197
422
725
1221
804
731
501
490
662
586
620
594
391
721
1742
980
1251
799
476
512
341
437
919
1415
535
656
957
872
438
692
553
444
1621
819
335
689
356
1811
662
519
353
542
373
450
460
614
414
449
604
403
746
773
2224
930
1089
1165
718
860
654
1162
500
624
975
1037
596
765
643
573
761
539
854
749
902
1028
731
300
675
675
475
1406
466
1128
1471
1358
967
1527
1287
937
826
640
970
606
1018
623
1016
735
325
420
469
455
776
351
716
799
709
763
1119
414
950
681
419
502
796
707
762
631
1558
571
595
430
800
735
398
531
2333
394
449
474
540
364
549
504
932
469
1329
738
1431
780
1118
821
1080
711
798
746
1359
710
716
1342
1010
1631
641
635
609
1189
1048
1345
1468
655
634
503
573
933
1132
518
916
900
631
691
2128
1534
887
628
711
2150
823
545
471
440
817
1744
406
1896
449
1751
752
661
1526
642
556
873
572
361
554
286
1384
1132
596
477
644
692
627
2270
446
931
505
1429
1655
611
545
584
781
454
469
878
534
536
631
2189
751
545
578
540
533
354
428
1136
302
1217
535
755
1120
992
637
503
844
680
1044
418
893
1050
443
672
1339
424
310
789
398
928
985
736
427
1458
592
506
372
721
966
523
492
850
476
600
1020
688
1075
697
1986
603
578
375
693
610
454
580
1019
576
845
679
321
775
417
683
456
476
1006
482
479
1185
653
346
1566
414
832
553
643
363
831
862
848
979
433
425
904
1570
749
388
418
332
451
393
795
1514
1068
378
553
1285
163
1754
902
1074
755
759
1657
774
1147
855
763
1909
485
489
883
721
440
744
948
642
547
1772
700
305
403
985
1175
337
851
549
942
1139
247
419
1199
579
744
671
340
346
511
455
1146
2447
565
934
480
793
488
597
753
620
556
793
937
653
680
759
622
776
811
638
577
631
966
1123
661
550
517
873
611
907
1617
564
1377
538
669
558
504
413
740
1187
712
380
436
566
924
1266
505
709
572
372
409
330
585
1281
1291
756
454
526
609
888
607
616
316
889
711
528
582
692
1116
764
347
1138
772
580
429
1020
400
658
355
377
686
420
1056
567
494
402
429
418
785
571
246
524
571
505
1006
559
474
379
1343
768
1073
1247
378
857
1025
1245
496
710
729
1769
417
750
394
1093
914
536
380
596
582
2569
917
534
354
482
741
1615
2158
1084
473
988
429
772
725
1133
460
877
293
443
923
426
684
1113
346
1018
343
1439
606
588
650
874
778
575
626
628
1407
1104
894
165
463
2147
542
147
734
990
337
589
553
759
1269
502
662
343
979
493
1188
489
542
461
2134
857
566
522
634
1680
709
425
382
556
517
458
372
271
546
610
497
641
373
675
714
1128
554
1006
2329
723
103
418
749
335
516
488
586
504
326
469
353
371
311
236
1008
705
1007
1175
792
754
908
705
237
372
736
424
713
525
945
105
1310
146
297
480
481
205
413
496
718
813
541
1902
323
489
764
1161
428
560
2121
1218
383
2033
2253
112
448
1468
886
371
455
1377
906
314
405
485
472
427
775
303
738
734
851
967
582
517
526
344
1030
3444
2687
2536
703
569
761
1066
498
540
442
747
673
634
248
1507
1182
924
752
423
1114
386
389
450
380
507
576
885
483
614
630
449
501
496
469
331
614
827
614
862
533
336
802
1740
270
321
671
486
411
1049
2245
680
1757
452
1345
108
660
923
1975
524
458
843
629
568
441
370
487
423
807
335
625
682
688
330
806
512
814
430
497
646
1032
1445
551
356
558
673
577
1362
1041
1978
575
4731
319
401
1177
3642
1225
3374
554
2088
311
448
1900
950
447
378
398
551
376
1403
146
504
867
2523
876
668
1418
442
823
1140
1140
448
398
979
1062
662
1365
2755
820
437
3453
758
1814
922
930
424
1588
339
461
801
721
1366
457
394
968
770
1091
382
751
582
562
402
571
657
682
295
359
311
673
634
642
452
1073
821
499
506
492
472
523
852
607
360
905
618
1079
1030
484
811
435
918
582
2225
1695
699
724
684
413
553
260
482
1063
209
1644
492
416
317
433
478
430
321
785
660
979
268
56
487
297
542
352
1125
1498
730
1491
1088
419
611
496
573
361
435
299
597
1076
347
465
879
394
487
271
664
341
612
270
300
2361
448
717
358
566
734
513
729
442
808
1085
613
693
523
494
448
435
1101
254
333
231
305
748
357
654
450
510
390
652
348
415
397
511
578
515
522
589
670
1111
467
312
479
530
344
294
1238
286
34
744
691
691
671
538
1139
731
447
604
563
911
963
498
354
2517
540
794
557
911
1190
248
295
431
322
869
1851
3044
516
1129
1045
616
1023
796
393
1269
1061
433
545
472
488
341
545
435
477
284
693
695
735
617
803
541
799
510
502
377
600
1492
468
553
718
427
534
684
292
384
442
592
487
509
312
919
107
759
872
244
865
825
619
697
664
951
480
669
338
420
230
199
238
289
2159
760
1224
1909
788
460
1000
977
1884
1010
1090
611
1034
598
1115
787
452
881
841
454
848
550
700
579
842
1052
910
557
489
1332
576
603
1236
1080
324
531
586
563
340
1032
860
343
1488
535
2298
424
577
1868
366
475
1226
446
491
962
902
545
1713
674
1133
458
543
448
999
843
1506
1073
374
1368
618
563
1050
581
1985
468
3261
662
519
445
215
518
2052
743
221
291
261
281
235
525
750
460
619
585
491
562
809
677
573
2080
617
982
1289
349
666
597
613
745
790
615
432
308
731
1147
434
623
972
871
1187
435
278
737
631
572
299
314
762
463
724
1115
307
395
449
418
693
643
831
417
823
347
817
419
320
961
741
741
640
900
631
1554
575
307
753
758
572
782
567
389
1124
1023
863
685
608
635
507
965
717
2761
728
566
569
316
746
630
327
488
1002
349
584
329
441
728
399
631
830
758
414
528
445
542
400
1027
561
1088
376
706
1069
567
464
1455
896
99
280
309
362
407
1725
699
551
608
841
1196
1546
278
829
661
623
505
348
2555
667
890
343
1148
553
638
270
823
228
581
592
1031
256
314
417
270
366
433
445
407
328
148
513
659
422
981
535
1159
343
784
412
497
413
549
409
383
354
561
686
352
884
631
1250
381
582
764
621
744
595
1216
498
807
883
517
264
422
409
736
392
549
690
366
373
789
344
191
522
627
589
465
1192
408
277
389
822
406
691
649
577
416
434
3587
502
418
432
717
560
559
267
975
1265
957
810
733
584
608
492
575
625
476
728
543
689
708
366
384
479
1117
1048
427
513
726
517
523
840
992
1385
763
641
408
442
898
341
817
312
644
871
586
631
410
883
277
429
652
367
335
333
380
847
417
397
445
526
475
655
577
266
637
646
521
396
705
561
415
391
465
321
626
756
1431
385
228
594
469
815
1029
298
522
336
392
425
330
233
377
681
853
585
203
932
277
121
773
242
503
239
889
1319
2099
1081
473
424
424
350
507
1030
865
636
960
580
697
367
446
264
462
391
579
747
501
505
478
378
629
489
441
309
926
794
383
161
270
403
513
489
579
367
304
677
305
381
508
399
1143
465
750
1048
466
478
356
473
400
2788
3178
720
455
749
208
385
746
589
1653
327
573
658
1347
329
529
468
252
425
390
434
578
438
595
572
397
524
558
471
666
646
306
347
303
453
279
359
680
306
592
366
690
686
256
627
301
399
1013
183
496
421
576
356
483
537
806
1451
730
414
746
1285
1023
588
743
400
1170
455
606
291
575
357
293
451
460
298
1025
286
842
510
1363
388
399
324
769
517
292
497
1495
142
645
1242
492
385
496
463
343
300
1292
1314
720
562
189
749
1194
1437
238
473
533
566
589
267
295
393
296
477
908
1533
518
568
465
371
464
598
473
221
437
541
495
540
187
881
678
772
909
310
436
961
210
441
333
316
319
451
659
284
262
388
444
1833
1085
1389
477
831
1418
1437
606
577
574
387
323
523
407
489
387
322
564
196
234
607
277
662
281
431
307
243
973
476
333
199
239
645
453
532
384
510
696
638
611
333
432
782
379
453
567
394
725
343
466
596
424
369
488
672
322
661
365
335
1503
1552
813
721
849
873
409
371
338
1344
742
314
257
685
285
373
480
1433
983
1565
1772
613
803
1238
637
602
538
603
550
1256
379
519
473
1024
1432
483
520
722
480
462
530
455
485
275
251
873
510
704
938
748
756
477
426
378
420
1448
560
190
758
1522
413
346
600
610
752
703
1330
355
758
351
716
379
470
393
417
416
655
988
634
716
864
942
415
1038
489
826
479
445
326
640
868
1104
901
1442
567
1313
1589
2975
1039
701
352
660
413
654
736
994
373
461
412
604
355
450
674
726
935
1690
557
398
471
801
332
388
360
251
1236
640
508
611
509
485
581
586
445
1147
540
599
436
470
450
485
883
466
471
487
966
524
778
361
452
325
821
1227
519
405
2038
745
488
391
619
484
386
414
2147
417
727
620
595
467
553
560
610
472
1459
1326
777
365
1406
959
794
422
796
695
669
618
896
393
743
381
811
1213
750
608
780
488
268
490
525
657
355
442
821
891
1129
1294
518
394
580
433
308
1230
842
482
379
790
407
327
442
228
880
1067
462
1117
588
1229
934
487
1703
398
637
376
578
623
1159
583
335
1032
603
1438
659
317
284
389
481
722
747
567
1391
449
766
1025
962
672
337
462
1467
738
703
675
726
428
841
858
727
1330
741
1537
878
728
727
532
350
376
550
1007
714
1077
346
464
262
313
361
430
581
515
754
584
272
367
422
627
592
1025
764
406
592
364
1189
392
710
202
455
287
399
212
1033
198
358
346
584
463
596
450
687
325
603
368
461
713
400
651
289
602
370
800
696
540
294
2346
1228
761
723
704
473
641
536
638
510
495
1349
814
625
148
952
355
1031
409
541
400
292
443
329
438
279
682
439
383
621
577
577
1215
948
1209
257
953
1697
1207
393
561
772
1607
657
942
117
567
869
430
556
580
605
1418
759
479
609
428
2474
465
420
1447
809
277
767
339
1642
426
703
515
566
829
405
291
1110
628
761
909
638
637
738
725
338
1333
613
678
1295
1086
894
1913
882
654
420
821
517
313
799
567
405
454
594
1138
627
457
678
485
940
800
542
208
799
553
649
839
597
564
1764
527
582
541
1254
650
558
1040
1017
1072
573
555
1012
1264
615
621
619
340
686
698
810
766
1006
672
1962
808
1257
725
466
783
1054
1024
850
1019
648
683
693
407
701
302
702
367
631
1907
569
496
536
392
568
642
484
436
481
564
527
639
452
638
828
1225
1985
968
449
571
657
739
496
393
418
454
391
998
243
410
559
713
291
1639
919
499
743
677
1074
517
738
501
949
614
739
505
1025
1313
388
431
411
1756
843
931
1367
737
829
1006
1041
263
464
518
482
603
412
568
458
1378
560
710
513
1177
649
504
640
384
439
615
923
764
570
380
691
756
443
354
443
342
312
603
667
808
576
450
508
576
494
571
506
373
554
922
710
1416
680
556
973
1530
463
862
795
470
447
461
454
503
426
496
850
621
1525
3206
836
573
1197
823
406
789
748
1474
1198
492
292
3204
622
635
1632
697
1597
752
623
873
538
869
397
633
1002
511
921
798
994
861
791
585
857
896
590
476
546
799
1489
2564
645
634
482
707
1966
797
721
704
939
948
791
1005
1763
570
1064
1235
445
1011
495
550
595
1157
626
845
865
1900
852
1132
809
1233
923
731
843
863
852
934
901
912
2102
2185
553
573
1139
864
710
201
2127
2390
174
679
670
672
1145
599
280
209
984
940
606
1294
631
2318
603
1096
1074
1233
880
1628
2339
498
880
529
463
707
716
724
1203
468
653
527
395
274
539
382
447
567
832
665
1408
1732
632
888
2690
1757
1325
893
1316
2123
543
924
1150
1166
1103
529
1356
555
492
1033
922
327
945
1279
976
356
416
370
405
870
268
404
780
726
793
1041
588
971
545
1212
464
2260
554
1174
512
933
748
502
693
1595
975
515
541
1066
337
1594
368
445
246
340
460
369
566
2097
1007
779
593
532
766
960
676
962
657
680
841
2337
962
771
2051
362
1187
545
366
843
791
512
970
1133
866
770
619
341
435
677
451
243
327
573
403
698
291
402
673
953
526
2460
1057
1572
612
624
393
524
881
751
1370
934
994
901
1176
772
1291
799
1007
574
1701
681
404
464
690
682
522
591
541
997
645
633
235
803
860
389
2827
654
603
421
704
621
641
534
635
516
472
454
606
876
457
852
446
808
263
882
372
1107
629
759
311
283
547
324
509
596
645
576
396
792
688
1001
851
553
434
434
801
520
1492
821
450
290
652
617
534
532
249
482
337
354
725
424
401
783
498
1267
658
768
1945
683
707
425
708
606
820
1685
710
396
1106
1095
486
569
510
1037
1749
266
757
452
2206
1096
630
789
903
1427
858
491
482
577
939
1054
683
523
730
669
561
652
1034
630
327
1471
280
538
380
409
267
431
1064
810
570
1504
887
426
694
452
374
1078
665
899
376
397
476
426
548
523
552
693
1296
539
1025
752
856
825
479
1281
629
835
723
421
352
367
619
542
2381
703
1017
1052
1107
728
578
1386
702
957
610
355
858
858
1447
615
1345
867
237
309
873
468
1389
646
517
320
771
1693
473
914
385
1900
778
799
1179
946
1015
506
601
345
335
1052
288
502
1183
358
630
418
386
895
927
353
207
1909
939
882
266
635
480
658
381
1303
505
389
656
1990
672
646
850
603
802
631
346
655
803
640
1008
1140
513
539
528
494
422
595
282
517
456
392
434
472
946
783
551
251
687
373
1249
490
449
582
504
1119
1565
386
477
640
484
709
1244
322
628
451
1176
2618
1330
613
458
642
496
666
422
1114
3248
501
479
573
1175
775
560
448
524
1945
544
543
646
1217
444
607
905
513
593
507
647
474
671
664
464
818
345
1136
303
1638
511
799
629
680
589
396
527
637
619
942
899
346
495
530
505
677
1138
614
531
1346
1368
929
197
2144
500
414
1098
492
465
788
3021
913
2227
1692
687
1411
833
757
697
901
514
515
642
1292
710
1223
352
1164
507
795
938
704
861
492
842
1570
1118
354
847
1480
294
342
829
361
207
1116
539
351
460
543
1187
1283
399
260
587
1808
847
205
828
1353
1141
1324
389
3150
788
754
967
898
577
1014
942
314
926
1010
389
303
256
639
613
688
403
796
1078
483
842
2292
672
323
595
590
420
466
460
523
629
1120
902
694
643
3123
471
1104
738
1092
664
1086
1833
1070
839
1552
843
1258
1328
1112
1468
2051
521
2529
754
4652
1506
1523
1781
477
745
1699
466
1555
508
627
634
1982
1019
462
1081
866
637
897
1852
1007
445
420
753
1172
573
501
859
320
1928
980
488
409
613
765
1017
455
876
1376
1362
619
783
499
324
767
620
918
1287
651
2170
1525
1075
938
377
247
1226
199
444
1146
515
290
1096
1139
1175
683
1061
947
905
1899
713
989
525
730
1836
879
1092
777
963
1686
1041
665
930
902
541
439
645
392
667
434
255
757
1290
822
485
1247
575
366
1172
1563
848
476
778
919
796
301
820
2218
457
704
1852
759
1113
3123
1089
1438
1781
1316
2400
561
789
497
662
873
1908
1293
1495
1192
969
414
889
1368
447
486
548
622
715
900
709
621
622
592
1042
647
362
642
702
456
423
467
1152
752
311
371
489
1010
1213
1142
438
1270
274
345
550
898
843
537
760
523
765
1337
919
418
384
1512
451
708
245
2967
520
234
869
2062
311
821
790
889
310
1111
365
1000
787
662
694
344
2347
582
938
537
1390
713
733
210
573
571
2005
2127
317
624
1496
1134
1142
2464
388
626
2634
479
740
921
528
1173
681
707
2801
961
342
364
468
930
706
700
790
1090
927
707
745
1478
1016
663
832
1089
1499
398
425
493
1628
553
254
600
575
2413
993
1928
852
553
1126
2893
276
765
1999
427
667
248
1239
285
551
517
443
394
523
855
379
619
448
2950
1024
1095
364
808
540
491
341
203
2153
622
424
969
873
963
2883
627
651
517
704
846
690
422
688
674
1115
874
965
1314
960
538
758
1147
986
676
417
1266
669
1890
433
416
604
330
411
671
626
916
330
433
1204
461
1762
1809
3712
340
877
759
2957
1561
569
823
1795
942
431
2389
1806
1214
1309
2191
1765
694
760
468
358
413
1044
536
1066
496
613
457
592
371
526
355
443
387
1323
252
815
955
2090
606
868
1364
387
299
2406
514
2474
299
451
698
511
501
560
536
621
474
819
615
244
2174
433
913
1515
2202
695
384
1575
686
1160
1044
482
1497
1186
847
1146
474
696
1546
515
547
725
772
1250
1255
858
919
563
528
460
575
727
1121
919
555
1301
602
1001
1675
639
1611
836
1134
399
1208
1819
1050
1257
1095
641
592
954
918
454
358
467
609
562
975
1302
736
573
1217
424
831
1331
1132
2191
1705
306
1941
345
401
1994
677
807
449
524
391
616
349
411
628
607
831
735
375
440
450
778
848
1161
544
532
320
514
522
1188
2321
659
485
1321
669
831
1582
747
1931
690
367
1314
1198
812
598
1768
460
438
2923
391
2434
696
955
2693
716
542
507
1321
561
1311
576
815
556
457
3493
564
681
845
914
508
403
346
1797
927
2387
640
692
608
2768
507
1273
819
458
556
845
578
370
729
602
565
666
1127
547
994
649
556
810
910
472
350
354
847
448
500
539
1008
470
313
630
1068
1393
509
2226
1788
264
702
193
329
929
487
378
1458
717
1590
745
610
647
627
521
494
631
784
481
724
880
616
572
344
454
951
758
1464
1073
766
507
845
291
1026
1153
1501
775
2452
642
575
382
1064
1625
678
1225
1139
759
695
925
605
549
1345
620
572
1074
999
625
709
709
2481
1125
780
549
2118
593
1328
1900
1108
958
567
1332
1497
1126
554
1110
890
821
597
2199
633
955
295
1047
785
634
1541
1284
941
307
1211
741
1357
468
661
542
678
880
347
472
448
530
499
612
551
605
405
555
514
642
255
694
2067
462
1145
234
403
360
600
1135
935
1385
615
837
1640
711
946
1709
775
1396
893
319
421
481
1120
1396
1404
672
840
630
1706
730
1479
779
830
1815
902
528
500
576
540
895
1062
731
483
760
874
731
211
586
1032
542
423
401
419
1039
1652
447
601
680
1006
568
1304
1441
497
596
837
1148
730
433
839
2241
866
1313
1001
1483
617
336
468
668
972
506
1042
608
1567
288
568
1261
441
589
995
729
1048
457
543
599
938
558
1867
473
671
444
984
749
566
1040
553
1255
319
923
503
1283
466
1067
978
984
617
555
879
575
892
988
914
559
1385
649
1363
520
2231
1066
2026
1388
442
693
621
1824
747
615
650
1168
758
510
491
556
502
318
537
828
562
740
652
1130
795
426
446
984
823
539
773
1033
1001
732
593
352
540
2047
536
704
480
556
588
1607
900
1669
713
1075
1063
1433
535
607
656
1425
508
596
874
1627
546
655
574
1086
511
599
635
820
1047
848
540
561
609
546
1122
587
677
612
1277
1143
690
877
1010
415
653
899
1669
776
1160
543
748
621
835
2254
944
426
686
628
1418
579
542
552
1301
706
505
992
764
597
527
581
635
496
590
626
451
478
1910
818
491
830
1375
626
487
336
509
509
1913
1010
804
409
432
1404
652
790
561
536
468
451
590
665
1252
659
694
508
394
396
592
729
286
492
718
1026
1268
941
988
400
867
340
2375
770
519
429
786
369
403
1153
2246
1821
595
863
937
1095
485
810
527
707
2283
642
350
538
1070
2935
778
678
484
688
1047
862
741
462
1083
777
2502
533
965
623
658
473
472
637
575
790
2390
730
405
792
398
1475
860
933
916
493
2657
893
585
832
989
470
802
1274
921
1113
702
726
1589
442
526
888
1382
218
689
1024
525
540
1171
707
440
624
781
663
637
813
679
227
3529
409
537
878
782
522
832
596
526
958
329
563
666
505
1065
490
440
586
567
1228
489
909
624
884
730
512
781
520
830
600
528
956
327
561
666
501
466
962
788
436
914
1374
589
969
733
1699
663
759
694
577
1003
681
2627
755
1376
2886
865
635
1511
976
677
1201
827
605
534
718
1898
335
496
665
1683
983
1015
575
870
638
987
993
746
397
762
491
798
706
786
551
798
1088
1154
736
682
693
746
720
493
850
500
636
668
1016
976
921
2179
1223
881
509
903
691
383
588
505
839
446
1040
372
526
1134
824
754
818
709
383
613
652
596
490
924
702
749
736
706
606
532
669
496
731
876
837
970
939
973
877
1211
1087
1415
370
590
490
271
215
581
739
514
331
500
715
1697
424
299
397
276
209
234
775
184
536
270
454
1065
440
264
1532
2011
706
427
389
524
514
393
559
636
800
481
831
737
423
626
1024
1567
477
860
566
773
538
636
1212
503
586
1125
312
413
649
685
894
647
848
1142
634
783
841
853
655
304
636
832
476
1046
1740
233
696
1708
470
1879
430
544
772
594
810
366
601
2914
751
484
715
629
613
1361
669
505
653
1028
864
867
399
568
296
522
1052
1093
177
605
491
1083
1129
403
1473
126
401
870
455
498
1126
835
551
357
743
489
997
2224
523
647
425
689
289
641
515
1289
671
404
614
399
567
467
2231
596
272
604
517
2218
1233
160
1279
545
778
1055
552
1437
752
788
456
821
3241
467
737
666
1361
613
1228
283
1178
1113
1020
978
1532
336
469
542
731
1996
1392
751
614
755
672
603
1866
1045
732
585
466
415
408
568
611
536
1921
479
1149
486
512
935
551
1422
699
1241
363
697
1641
409
760
496
414
1062
424
678
425
457
438
1085
981
471
1131
520
380
775
736
520
790
948
1552
857
748
1188
940
461
983
577
338
974
825
994
504
427
688
589
279
961
1176
1842
696
742
847
1120
2495
555
599
634
830
457
1270
540
493
604
436
683
489
446
658
512
878
526
870
929
756
430
831
416
585
664
828
616
893
763
907
1022
963
1143
1859
899
410
873
514
1058
730
2500
551
397
902
912
704
569
1126
884
838
795
419
722
1050
870
585
967
1086
966
603
593
1161
879
925
944
466
1650
885
662
686
973
766
635
465
531
604
363
529
1415
837
552
979
842
817
658
567
1088
669
904
1116
721
1039
1461
1967
415
4928
1186
1032
1658
1097
666
1312
858
955
808
508
1004
912
858
828
694
374
595
719
821
829
2326
1668
753
462
580
508
609
600
392
942
451
257
450
646
701
1059
654
681
1143
906
581
695
1989
601
747
488
812
526
667
744
421
339
1544
587
785
553
949
497
734
303
1065
441
673
464
612
965
824
832
935
547
452
439
1032
454
417
518
478
381
603
534
728
1363
1146
1720
487
780
597
938
1236
1983
577
1288
794
941
900
516
734
634
929
1625
559
1356
1989
880
738
2988
854
640
1290
353
208
483
394
1180
1601
955
1193
404
1130
652
557
607
805
872
398
461
620
512
1407
628
1267
578
839
532
978
585
516
746
380
731
681
529
458
487
507
577
642
393
369
727
671
891
1341
462
333
665
1219
545
429
641
803
641
377
904
578
410
297
932
386
624
681
780
737
1208
626
804
402
460
680
928
1316
749
898
315
1839
806
278
881
1306
662
817
578
633
465
538
906
514
1280
711
911
900
579
109
1168
601
544
625
538
422
588
383
774
369
575
818
941
1198
740
1267
531
1083
845
510
445
906
550
1750
391
1158
761
1042
746
1315
762
1078
2036
307
917
1453
584
217
842
521
2128
586
701
347
483
841
834
730
765
848
291
376
1343
825
1031
516
941
469
583
441
517
1511
459
933
690
692
1273
1015
877
910
839
1106
1671
1561
332
1972
1138
912
654
1620
631
988
1621
1246
712
907
1031
599
744
535
318
588
440
1688
363
530
2023
834
351
926
747
729
719
743
1047
422
322
480
290
1048
411
3524
490
880
862
533
795
708
752
724
553
1119
396
641
482
484
672
616
509
500
733
836
897
1487
422
640
674
878
943
430
1033
889
439
1512
607
1530
927
3057
1381
735
255
931
237
548
1704
1054
785
458
1394
807
2273
671
744
622
622
943
628
436
707
583
365
639
747
1050
420
1070
262
960
512
910
966
1050
283
551
679
1768
617
667
434
1547
909
944
761
415
1025
479
1416
410
619
511
562
469
798
695
920
675
291
867
542
901
1157
839
538
729
924
472
586
